# Checkpoints for main.py
# Copy this into your main.py file

checkpoints: list[tuple[tuple[int, int], tuple[int, int]]] = [
    ((350, 421), (354, 435)),  # 0
    ((245, 473), (250, 491)),  # 1
    ((214, 524), (216, 544)),  # 2
    ((134, 522), (127, 534)),  # 3
    ((81, 481), (76, 494)),  # 4
    ((45, 401), (29, 395)),  # 5
    ((71, 382), (70, 402)),  # 6
    ((96, 416), (89, 430)),  # 7
    ((120, 450), (117, 462)),  # 8
    ((167, 453), (165, 465)),  # 9
    ((240, 418), (261, 408)),  # 10
    ((251, 357), (265, 356)),  # 11
    ((290, 333), (291, 348)),  # 12
    ((320, 345), (327, 361)),  # 13
    ((358, 345), (367, 353)),  # 14
    ((463, 309), (473, 315)),  # 15
    ((473, 280), (487, 278)),  # 16
    ((451, 265), (452, 277)),  # 17
    ((414, 288), (403, 303)),  # 18
    ((304, 293), (292, 305)),  # 19
    ((251, 292), (237, 304)),  # 20
    ((212, 332), (201, 340)),  # 21
    ((220, 376), (207, 385)),  # 22
    ((199, 405), (169, 387)),  # 23
    ((146, 388), (120, 380)),  # 24
    ((118, 340), (103, 324)),  # 25
    ((140, 270), (168, 265)),  # 26
    ((239, 214), (265, 213)),  # 27
    ((294, 183), (317, 187)),  # 28
    ((379, 141), (400, 137)),  # 29
    ((417, 113), (453, 110)),  # 30
    ((465, 89), (501, 91)),  # 31
    ((531, 94), (532, 116)),  # 32
    ((554, 132), (541, 151)),  # 33
    ((512, 164), (502, 169)),  # 34
    ((488, 146), (479, 157)),  # 35
    ((463, 162), (450, 162)),  # 36
    ((466, 198), (459, 208)),  # 37
    ((543, 206), (535, 219)),  # 38
    ((602, 218), (593, 229)),  # 39
    ((614, 255), (599, 265)),  # 40
    ((603, 293), (578, 299)),  # 41
    ((573, 315), (543, 319)),  # 42
    ((528, 341), (504, 339)),  # 43
    ((494, 360), (472, 357)),  # 44
]
