checkpoints: list[tuple[tuple[int, int], tuple[int, int]]] = [
    ((393, 376), (401, 391)),  # start/finish
    ((298, 426), (297, 446)),
    ((244, 450), (249, 473)),
    ((210, 503), (208, 528)),
    ((126, 496), (101, 502)),
    ((56, 415), (37, 422)),
    ((51, 384), (29, 393)),
    ((62, 383), (77, 369)),
    ((121, 428), (110, 444)),
    ((149, 437), (159, 452)),
    ((243, 393), (247, 409)),
    ((263, 348), (254, 325)),
    ((290, 319), (291, 337)),
    ((330, 333), (336, 348)),
    ((404, 312), (419, 322)),
    ((455, 290), (466, 302)),
    ((462, 271), (479, 276)),
    ((441, 250), (438, 269)),
    ((405, 275), (402, 286)),
    ((380, 282), (369, 295)),
    ((288, 281), (282, 291)),
    ((240, 279), (230, 292)),
    ((209, 307), (194, 306)),
    ((213, 327), (200, 335)),
    ((217, 348), (203, 358)),
    ((219, 373), (204, 371)),
    ((184, 374), (181, 386)),
    ((150, 372), (148, 383)),
    ((124, 338), (113, 350)),
    ((120, 309), (102, 319)),
    ((126, 281), (113, 277)),
    ((158, 262), (137, 257)),
    ((314, 181), (294, 171)),
    ((260, 209), (234, 204)),
    ((224, 229), (194, 227)),
    ((384, 141), (361, 138)),
    ((423, 115), (398, 110)),
    ((455, 98), (434, 92)),
    ((489, 90), (469, 73)),
    ((501, 98), (506, 79)),
    ((517, 114), (529, 108)),
    ((526, 138), (542, 130)),
    ((508, 156), (504, 172)),
    ((477, 137), (475, 156)),
    ((452, 163), (436, 162)),
    ((465, 203), (452, 210)),
    ((481, 204), (487, 219)),
    ((515, 196), (515, 210)),
    ((545, 192), (543, 203)),
    ((579, 203), (572, 211)),
    ((597, 239), (579, 251)),
    ((594, 269), (567, 274)),
    ((580, 288), (539, 296)),
    ((544, 311), (491, 320)),
    ((490, 342), (454, 341)),
    ((353, 399), (339, 423)),
]

STARTING_POSITION = (422, 369)
STARTING_ANGLE = 0.0
