# Fixed checkpoints - both endpoints on track
# Copy into main.py

checkpoints: list[tuple[tuple[int, int], tuple[int, int]]] = [
    ((393, 376), (401, 391)),  # 0
    ((298, 426), (297, 446)),  # 1
    ((244, 450), (249, 473)),  # 2
    ((210, 503), (208, 528)),  # 3
    ((126, 496), (101, 502)),  # 4
    ((50, 419), (37, 422)),  # 5
    ((51, 384), (29, 393)),  # 6
    ((62, 383), (69, 377)),  # 7
    ((113, 435), (110, 444)),  # 8
    ((149, 437), (158, 453)),  # 9
    ((248, 397), (247, 409)),  # 10
    ((263, 348), (254, 325)),  # 11
    ((288, 321), (291, 337)),  # 12
    ((329, 331), (336, 348)),  # 13
    ((396, 304), (419, 322)),  # 14
    ((447, 282), (467, 305)),  # 15
    ((462, 271), (479, 276)),  # 16
    ((446, 243), (437, 268)),  # 17
    ((414, 265), (404, 289)),  # 18
    ((375, 277), (369, 295)),  # 19
    ((279, 290), (282, 291)),  # 20
    ((248, 289), (230, 292)),  # 21
    ((209, 307), (194, 306)),  # 22
    ((211, 325), (200, 335)),  # 23
    ((215, 347), (203, 358)),  # 24
    ((219, 373), (204, 370)),  # 25
    ((184, 374), (179, 388)),  # 26
    ((150, 372), (144, 386)),  # 27
    ((119, 342), (113, 350)),  # 28
    ((118, 307), (102, 319)),  # 29
    ((126, 281), (118, 282)),  # 30
    ((158, 262), (137, 257)),  # 31
    ((314, 181), (294, 171)),  # 32
    ((260, 209), (234, 204)),  # 33
    ((224, 229), (194, 227)),  # 34
    ((384, 141), (361, 138)),  # 35
    ((423, 115), (398, 110)),  # 36
    ((455, 98), (434, 92)),  # 37
    ((489, 90), (469, 73)),  # 38
    ((504, 94), (506, 79)),  # 39
    ((523, 108), (529, 108)),  # 40
    ((535, 128), (542, 130)),  # 41
    ((507, 157), (504, 172)),  # 42
    ((479, 143), (475, 156)),  # 43
    ((452, 163), (445, 171)),  # 44
    ((465, 203), (455, 206)),  # 45
    ((475, 209), (487, 219)),  # 46
    ((515, 196), (515, 210)),  # 47
    ((552, 200), (543, 203)),  # 48
    ((579, 203), (572, 211)),  # 49
    ((597, 239), (579, 251)),  # 50
    ((597, 271), (567, 274)),  # 51
    ((584, 292), (539, 296)),  # 52
    ((546, 314), (482, 311)),  # 53
    ((491, 343), (452, 339)),  # 54
    ((353, 399), (339, 423)),  # 55
]
